00000000001100000000000110010011
00000000000000000001000100010111
01011100000000010000000100010011
11111111111111111011000010110111
10100000000000001000000010010011
00000000000000000000011110010111
00000001010001111000011110010011
00000000000100010001000100100011
00000000001000010001011100000011
00000000100000000000000001101111
00000000000000001000011100010011
11111111111111111011001110110111
10100000000000111000001110010011
01001000011101110001101001100011
00000000010000000000000110010011
00000000000000000001000100010111
01011000100000010000000100010011
10111110111011110001000010110111
10101010000000001000000010010011
00000000000000000000011110010111
00000001010001111000011110010011
00000000000100010001001000100011
00000000010000010010011100000011
00000000100000000000000001101111
00000000000000001000011100010011
10111110111011110001001110110111
10101010000000111000001110010011
01000100011101110001111001100011
00000000010100000000000110010011
00000000000000000001000100010111
01010101000000010000000100010011
11111111111111111010000010110111
00000000101000001000000010010011
00000000000000000000011110010111
00000001010001111000011110010011
00000000000100010001001100100011
00000000011000010001011100000011
00000000100000000000000001101111
00000000000000001000011100010011
11111111111111111010001110110111
00000000101000111000001110010011
01000010011101110001001001100011
00000000011000000000000110010011
00000000000000000001000100010111
01010010011000010000000100010011
00001010101000000000000010010011
00000000000000000000011110010111
00000001010001111000011110010011
11111110000100010001110100100011
11111111101000010001011100000011
00000000100000000000000001101111
00000000000000001000011100010011
00001010101000000000001110010011
00111110011101110001101001100011
00000000011100000000000110010011
00000000000000000001000100010111
01001111011000010000000100010011
11111111111111111011000010110111
10100000000000001000000010010011
00000000000000000000011110010111
00000001010001111000011110010011
11111110000100010001111000100011
11111111110000010001011100000011
00000000100000000000000001101111
00000000000000001000011100010011
11111111111111111011001110110111
10100000000000111000001110010011
00111010011101110001111001100011
00000000100000000000000110010011
00000000000000000001000100010111
01001011111000010000000100010011
00000000000000000001000010110111
10101010000000001000000010010011
00000000000000000000011110010111
00000001010001111000011110010011
11111110000100010001111100100011
11111111111000010001011100000011
00000000100000000000000001101111
00000000000000001000011100010011
00000000000000000001001110110111
10101010000000111000001110010011
00111000011101110001001001100011
00000000100100000000000110010011
00000000000000000001000100010111
01001000011000010000000100010011
11111111111111111010000010110111
00000000101000001000000010010011
00000000000000000000011110010111
00000001010001111000011110010011
00000000000100010001000000100011
00000000000000010001011100000011
00000000100000000000000001101111
00000000000000001000011100010011
11111111111111111010001110110111
00000000101000111000001110010011
00110100011101110001011001100011
00000000101000000000000110010011
00000000000000000001000010010111
01000101000000001000000010010011
00010010001101000101000100110111
01100111100000010000000100010011
11111110000000001000001000010011
00000010001000100001000000100011
00000000000000001001001010000011
00000000000000000101001110110111
01100111100000111000001110010011
00110010011100101001000001100011
00000000101100000000000110010011
00000000000000000001000010010111
01000010010000001000000010010011
00000000000000000011000100110111
00001001100000010000000100010011
11111111101100001000000010010011
00000000001000001001001110100011
00000000000000000001001000010111
01000000111000100000001000010011
00000000000000100001001010000011
00000000000000000011001110110111
00001001100000111000001110010011
00101110011100101001011001100011
00000000110000000000000110010011
00000000000000000000001000010011
11111111111111111101011010110111
11001101110101101000011010010011
00000000000000000001011000010111
00111101010001100000011000010011
00000000110101100001000000100011
00000000000001100001011100000011
11111111111111111101001110110111
11001101110100111000001110010011
00101100011101110001000001100011
00000000000100100000001000010011
00000000001000000000001010010011
11111100010100100001101011100011
00000000110100000000000110010011
00000000000000000000001000010011
11111111111111111100011010110111
11001100110101101000011010010011
00000000000000000001011000010111
00111001110001100000011000010011
00000000000000000000000000010011
00000000110101100001000100100011
00000000001001100001011100000011
11111111111111111100001110110111
11001100110100111000001110010011
00101000011101110001001001100011
00000000000100100000001000010011
00000000001000000000001010010011
11111100010100100001100011100011
00000000111000000000000110010011
00000000000000000000001000010011
11111111111111111100011010110111
10111100110001101000011010010011
00000000000000000001011000010111
00110110000001100000011000010011
00000000000000000000000000010011
00000000000000000000000000010011
00000000110101100001001000100011
00000000010001100001011100000011
11111111111111111100001110110111
10111100110000111000001110010011
00100100011101110001001001100011
00000000000100100000001000010011
00000000001000000000001010010011
11111100010100100001011011100011
00000000111100000000000110010011
00000000000000000000001000010011
11111111111111111011011010110111
10111011110001101000011010010011
00000000000000000000000000010011
00000000000000000001011000010111
00110001110001100000011000010011
00000000110101100001001100100011
00000000011001100001011100000011
11111111111111111011001110110111
10111011110000111000001110010011
00100000011101110001010001100011
00000000000100100000001000010011
00000000001000000000001010010011
11111100010100100001100011100011
00000001000000000000000110010011
00000000000000000000001000010011
11111111111111111011011010110111
10101011101101101000011010010011
00000000000000000000000000010011
00000000000000000001011000010111
00101110000001100000011000010011
00000000000000000000000000010011
00000000110101100001010000100011
00000000100001100001011100000011
11111111111111111011001110110111
10101011101100111000001110010011
00011100011101110001010001100011
00000000000100100000001000010011
00000000001000000000001010010011
11111100010100100001011011100011
00000001000100000000000110010011
00000000000000000000001000010011
11111111111111111110011010110111
10101010101101101000011010010011
00000000000000000000000000010011
00000000000000000000000000010011
00000000000000000001011000010111
00101001110001100000011000010011
00000000110101100001010100100011
00000000101001100001011100000011
11111111111111111110001110110111
10101010101100111000001110010011
00011000011101110001010001100011
00000000000100100000001000010011
00000000001000000000001010010011
11111100010100100001011011100011
00000001001000000000000110010011
00000000000000000000001000010011
00000000000000000001000100010111
00100110110000010000000100010011
00000000000000000010000010110111
00100011001100001000000010010011
00000000000100010001000000100011
00000000000000010001011100000011
00000000000000000010001110110111
00100011001100111000001110010011
00010100011101110001100001100011
00000000000100100000001000010011
00000000001000000000001010010011
11111100010100100001101011100011
00000001001100000000000110010011
00000000000000000000001000010011
00000000000000000001000100010111
00100011010000010000000100010011
00000000000000000001000010110111
00100010001100001000000010010011
00000000000000000000000000010011
00000000000100010001000100100011
00000000001000010001011100000011
00000000000000000001001110110111
00100010001100111000001110010011
00010000011101110001101001100011
00000000000100100000001000010011
00000000001000000000001010010011
11111100010100100001100011100011
00000001010000000000000110010011
00000000000000000000001000010011
00000000000000000001000100010111
00011111100000010000000100010011
00000000000000000001000010110111
00010010001000001000000010010011
00000000000000000000000000010011
00000000000000000000000000010011
00000000000100010001001000100011
00000000010000010001011100000011
00000000000000000001001110110111
00010010001000111000001110010011
00001100011101110001101001100011
00000000000100100000001000010011
00000000001000000000001010010011
11111100010100100001011011100011
00000001010100000000000110010011
00000000000000000000001000010011
00000000000000000001000100010111
00011011100000010000000100010011
00000000000000000000000000010011
00010001001000000000000010010011
00000000000100010001001100100011
00000000011000010001011100000011
00010001001000000000001110010011
00001010011101110001000001100011
00000000000100100000001000010011
00000000001000000000001010010011
11111100010100100001110011100011
00000001011000000000000110010011
00000000000000000000001000010011
00000000000000000001000100010111
00011000010000010000000100010011
00000000000000000000000000010011
00000001000100000000000010010011
00000000000000000000000000010011
00000000000100010001010000100011
00000000100000010001011100000011
00000001000100000000001110010011
00000110011101110001010001100011
00000000000100100000001000010011
00000000001000000000001010010011
11111100010100100001101011100011
00000001011100000000000110010011
00000000000000000000001000010011
00000000000000000001000100010111
00010100110000010000000100010011
00000000000000000000000000010011
00000000000000000000000000010011
00000000000000000011000010110111
00000000000100001000000010010011
00000000000100010001010100100011
00000000101000010001011100000011
00000000000000000011001110110111
00000000000100111000001110010011
00000010011101110001010001100011
00000000000100100000001000010011
00000000001000000000001010010011
11111100010100100001011011100011
00000000000000001100010100110111
11101110111101010000010100010011
00000000000000000001010110010111
00010000110001011000010110010011
00000000101001011001001100100011
00000000001100000001101001100011
00000000001000000000001010010011
10000000000000000000001100110111
00000000010100110010000000100011
00000000000100000000000001110011
00000000000000000000000000010011
00000000000000000000000000010011
00000000000000000000000000010011
00000000000100000000001010010011
10000000000000000000001100110111
00000000010100110010000000100011
00000000000100000000000001110011
00000000000000000000000000010011
00000000000000000000000000010011
00000000000000000000000000010011
00000000000000000000000000010011
00000000000000000000000000010011
00000000000000000000000000010011
00000000000000000000000000010011
00000000000000000000000000010011
00000000000000000000000000010011
