00000000001100000000000110010011
11111111111111111110010100010111
10001111110001010000010100010011
00000000010000000000010111101111
01000000101101010000010100110011
11111111111111111110001110110111
10001111000000111000001110010011
00000000011101010001010001100011
00000000001100000001101001100011
00000000001000000000001010010011
10000000000000000000001100110111
00000000010100110010000000100011
00000000000100000000000001110011
00000000000000000000000000010011
00000000000000000000000000010011
00000000000000000000000000010011
00000000000100000000001010010011
10000000000000000000001100110111
00000000010100110010000000100011
00000000000100000000000001110011
00000000000000000000000000010011
00000000000000000000000000010011
00000000000000000000000000010011
00000000000000000000000000010011
00000000000000000000000000010011
00000000000000000000000000010011
00000000000000000000000000010011
00000000000000000000000000010011
00000000000000000000000000010011
