00000000001000000000000110010011
00000000000000000000001010010011
00000000000000000000001100010111
00000001000000110000001100010011
00000000000000110000001011100111
00001110000000000000000001101111
00000000000000000000001100010111
11111111110000110000001100010011
00001100011000101001101001100011
00000000001100000000000110010011
00000000000000000000001010010111
00000001000000101000001010010011
00000000000000101000001011100111
00001100000000000000000001101111
00000000000000000000001100010111
11111111110000110000001100010011
00001010011000101001101001100011
00000000010000000000000110010011
00000000000000000000001000010011
00000000000000000000001100010111
00000001000000110000001100010011
00000000000000110000011011100111
00001000001100000001111001100011
00000000000100100000001000010011
00000000001000000000001010010011
11111110010100100001010011100011
00000000010100000000000110010011
00000000000000000000001000010011
00000000000000000000001100010111
00000001010000110000001100010011
00000000000000000000000000010011
00000000000000110000011011100111
00000110001100000001101001100011
00000000000100100000001000010011
00000000001000000000001010010011
11111110010100100001001011100011
00000000011000000000000110010011
00000000000000000000001000010011
00000000000000000000001100010111
00000001100000110000001100010011
00000000000000000000000000010011
00000000000000000000000000010011
00000000000000110000011011100111
00000100001100000001010001100011
00000000000100100000001000010011
00000000001000000000001010010011
11111110010100100001000011100011
00000000011100000000000110010011
00000000000100000000001010010011
00000000000000000000001100010111
00000001110000110000001100010011
11111111110000110000000001100111
00000000000100101000001010010011
00000000000100101000001010010011
00000000000100101000001010010011
00000000000100101000001010010011
00000000000100101000001010010011
00000000000100101000001010010011
00000000010000000000001110010011
00000000011100101001010001100011
00000010001100000001000001100011
00000000001000000000001010010011
10000000000000000000001100110111
00000000010100110010000000100011
00000000000100000000000001110011
00000000000000000000000000010011
00000000000000000000000000010011
00000000000000000000000000010011
00000000000100000000001010010011
10000000000000000000001100110111
00000000010100110010000000100011
00000000000100000000000001110011
00000000000000000000000000010011
00000000000000000000000000010011
00000000000000000000000000010011
00000000000000000000000000010011
00000000000000000000000000010011
00000000000000000000000000010011
00000000000000000000000000010011
00000000000000000000000000010011
00000000000000000000000000010011
