00000000001100000000000110010011
00000000000000000001000100010111
01011101000000010000000100010011
11111100110100000000000010010011
00000000000100010000000010100011
00000000000100010000011100000011
11111100110100000000001110010011
01101010011101110001011001100011
00000000010000000000000110010011
00000000000000000001000100010111
01011011000000010000000100010011
11111100110000000000000010010011
00000000000100010000000100100011
00000000001000010000011100000011
11111100110000000000001110010011
01101000011101110001011001100011
00000000010100000000000110010011
00000000000000000001000100010111
01011001000000010000000100010011
11111011110000000000000010010011
00000000000100010000000110100011
00000000001100010000011100000011
11111011110000000000001110010011
01100110011101110001011001100011
00000000011000000000000110010011
00000000000000000001000100010111
01010111000000010000000100010011
11111011101100000000000010010011
00000000000100010000001000100011
00000000010000010000011100000011
11111011101100000000001110010011
01100100011101110001011001100011
00000000011100000000000110010011
00000000000000000001000100010111
01010101000000010000000100010011
11111010101100000000000010010011
00000000000100010000001010100011
00000000010100010000011100000011
11111010101100000000001110010011
01100010011101110001011001100011
00000000100000000000000110010011
00000000000000000001000100010111
01010011000000010000000100010011
00000011001100000000000010010011
00000000000100010000000000100011
00000000000000010000011100000011
00000011001100000000001110010011
01100000011101110001011001100011
00000000100100000000000110010011
00000000000000000001000100010111
01010001000000010000000100010011
00000010001100000000000010010011
00000000000100010000000010100011
00000000000100010000011100000011
00000010001100000000001110010011
01011110011101110001011001100011
00000000101000000000000110010011
00000000000000000001000100010111
01001111000000010000000100010011
00000010001000000000000010010011
00000000000100010000000100100011
00000000001000010000011100000011
00000010001000000000001110010011
01011100011101110001011001100011
00000000101100000000000110010011
00000000000000000001000100010111
01001101000000010000000100010011
00000001001000000000000010010011
00000000000100010000000110100011
00000000001100010000011100000011
00000001001000000000001110010011
01011010011101110001011001100011
00000000110000000000000110010011
00000000000000000001000100010111
01001011000000010000000100010011
00000001000100000000000010010011
00000000000100010000001000100011
00000000010000010000011100000011
00000001000100000000001110010011
01011000011101110001011001100011
00000000110100000000000110010011
00000000000000000001000100010111
01001001000000010000000100010011
00000000000100000000000010010011
00000000000100010000001010100011
00000000010100010000011100000011
00000000000100000000001110010011
01010110011101110001011001100011
00000000111000000000000110010011
00000000000000000001000100010111
01000111000000010000000100010011
00000011001100000000000010010011
00000000000100010000000000100011
00000000000000010100011100000011
00000011001100000000001110010011
01010100011101110001011001100011
00000000111100000000000110010011
00000000000000000001000100010111
01000101000000010000000100010011
00000010001100000000000010010011
00000000000100010000000010100011
00000000000100010100011100000011
00000010001100000000001110010011
01010010011101110001011001100011
00000001000000000000000110010011
00000000000000000001000100010111
01000011000000010000000100010011
00000010001000000000000010010011
00000000000100010000000100100011
00000000001000010100011100000011
00000010001000000000001110010011
01010000011101110001011001100011
00000001000100000000000110010011
00000000000000000001000100010111
01000001000000010000000100010011
00000001001000000000000010010011
00000000000100010000000110100011
00000000001100010100011100000011
00000001001000000000001110010011
01001110011101110001011001100011
00000001001000000000000110010011
00000000000000000001000100010111
00111111000000010000000100010011
00000001000100000000000010010011
00000000000100010000001000100011
00000000010000010100011100000011
00000001000100000000001110010011
01001100011101110001011001100011
00000001001100000000000110010011
00000000000000000001000100010111
00111101000000010000000100010011
00000000000100000000000010010011
00000000000100010000001010100011
00000000010100010100011100000011
00000000000100000000001110010011
01001010011101110001011001100011
00000001010000000000000110010011
00000000000000000001000100010111
00111011000000010000000100010011
10101010101110111101000010110111
11001101110100001000000010010011
00000000000100010010000000100011
00000000000000010010011100000011
10101010101110111101001110110111
11001101110100111000001110010011
01001000011101110001001001100011
00000001010100000000000110010011
00000000000000000001000100010111
00111000100000010000000100010011
11011010101010111100000010110111
11001100110100001000000010010011
00000000000100010010001000100011
00000000010000010010011100000011
11011010101010111100001110110111
11001100110100111000001110010011
01000100011101110001111001100011
00000001011000000000000110010011
00000000000000000001000100010111
00110110000000010000000100010011
11011101101010101100000010110111
10111100110000001000000010010011
00000000000100010010010000100011
00000000100000010010011100000011
11011101101010101100001110110111
10111100110000111000001110010011
01000010011101110001101001100011
00000001011100000000000110010011
00000000000000000001000100010111
00110011100000010000000100010011
11001101110110101011000010110111
10111011110000001000000010010011
00000000000100010010011000100011
00000000110000010010011100000011
11001101110110101011001110110111
10111011110000111000001110010011
01000000011101110001011001100011
00000001100000000000000110010011
00000000000000000001000100010111
00110001000000010000000100010011
11001100110111011011000010110111
10101011101100001000000010010011
00000000000100010010100000100011
00000001000000010010011100000011
11001100110111011011001110110111
10101011101100111000001110010011
00111110011101110001001001100011
00000001100100000000000110010011
00000000000000000001000100010111
00101110100000010000000100010011
10111100110011011110000010110111
10101010101100001000000010010011
00000000000100010010101000100011
00000001010000010010011100000011
10111100110011011110001110110111
10101010101100111000001110010011
00111010011101110001111001100011
00000001101000000000000110010011
00000000000000000001000100010111
00101100000000010000000100010011
00000000000100010010000010110111
00100011001100001000000010010011
00000000000100010010000000100011
00000000000000010010011100000011
00000000000100010010001110110111
00100011001100111000001110010011
00111000011101110001101001100011
00000001101100000000000110010011
00000000000000000001000100010111
00101001100000010000000100010011
00110000000000010001000010110111
00100010001100001000000010010011
00000000000100010010001000100011
00000000010000010010011100000011
00110000000000010001001110110111
00100010001100111000001110010011
00110110011101110001011001100011
00000001110000000000000110010011
00000000000000000001000100010111
00100111000000010000000100010011
00110011000000000001000010110111
00010010001000001000000010010011
00000000000100010010010000100011
00000000100000010010011100000011
00110011000000000001001110110111
00010010001000111000001110010011
00110100011101110001001001100011
00000001110100000000000110010011
00000000000000000001000100010111
00100100100000010000000100010011
00100011001100000000000010110111
00010001001000001000000010010011
00000000000100010010011000100011
00000000110000010010011100000011
00100011001100000000001110110111
00010001001000111000001110010011
00110000011101110001111001100011
00000001111000000000000110010011
00000000000000000001000100010111
00100010000000010000000100010011
00100010001100110000000010110111
00000001000100001000000010010011
00000000000100010010100000100011
00000001000000010010011100000011
00100010001100110000001110110111
00000001000100111000001110010011
00101110011101110001101001100011
00000001111100000000000110010011
00000000000000000001000100010111
00011111100000010000000100010011
00010010001000110011000010110111
00000000000100001000000010010011
00000000000100010010101000100011
00000001010000010010011100000011
00010010001000110011001110110111
00000000000100111000001110010011
00101100011101110001011001100011
00000010000000000000000110010011
00000000000000000001000100010111
00011101000000010000000100010011
11111111111111111101000010110111
11001101110100001000000010010011
00000000000100010001000000100011
00000000000000010001011100000011
11111111111111111101001110110111
11001101110100111000001110010011
00101010011101110001001001100011
00000010000100000000000110010011
00000000000000000001000100010111
00011010100000010000000100010011
11111111111111111100000010110111
11001100110100001000000010010011
00000000000100010001000100100011
00000000001000010001011100000011
11111111111111111100001110110111
11001100110100111000001110010011
00100110011101110001111001100011
00000010001000000000000110010011
00000000000000000001000100010111
00011000000000010000000100010011
11111111111111111100000010110111
10111100110000001000000010010011
00000000000100010001001000100011
00000000010000010001011100000011
11111111111111111100001110110111
10111100110000111000001110010011
00100100011101110001101001100011
00000010001100000000000110010011
00000000000000000001000100010111
00010101100000010000000100010011
11111111111111111011000010110111
10111011110000001000000010010011
00000000000100010001001100100011
00000000011000010001011100000011
11111111111111111011001110110111
10111011110000111000001110010011
00100010011101110001011001100011
00000010010000000000000110010011
00000000000000000001000100010111
00010011000000010000000100010011
11111111111111111011000010110111
10101011101100001000000010010011
00000000000100010001010000100011
00000000100000010001011100000011
11111111111111111011001110110111
10101011101100111000001110010011
00100000011101110001001001100011
00000010010100000000000110010011
00000000000000000001000100010111
00010000100000010000000100010011
11111111111111111110000010110111
10101010101100001000000010010011
00000000000100010001010100100011
00000000101000010001011100000011
11111111111111111110001110110111
10101010101100111000001110010011
00011100011101110001111001100011
00000010011000000000000110010011
00000000000000000001000100010111
00001110000000010000000100010011
00000000000000000010000010110111
00100011001100001000000010010011
00000000000100010001000000100011
00000000000000010001011100000011
00000000000000000010001110110111
00100011001100111000001110010011
00011010011101110001101001100011
00000010011100000000000110010011
00000000000000000001000100010111
00001011100000010000000100010011
00000000000000000001000010110111
00100010001100001000000010010011
00000000000100010001000100100011
00000000001000010001011100000011
00000000000000000001001110110111
00100010001100111000001110010011
00011000011101110001011001100011
00000010100000000000000110010011
00000000000000000001000100010111
00001001000000010000000100010011
00000000000000000001000010110111
00010010001000001000000010010011
00000000000100010001001000100011
00000000010000010001011100000011
00000000000000000001001110110111
00010010001000111000001110010011
00010110011101110001001001100011
00000010100100000000000110010011
00000000000000000001000100010111
00000110100000010000000100010011
00010001001000000000000010010011
00000000000100010001001100100011
00000000011000010001011100000011
00010001001000000000001110010011
00010100011101110001001001100011
00000010101000000000000110010011
00000000000000000001000100010111
00000100100000010000000100010011
00000001000100000000000010010011
00000000000100010001010000100011
00000000100000010001011100000011
00000001000100000000001110010011
00010010011101110001001001100011
00000010101100000000000110010011
00000000000000000001000100010111
00000010100000010000000100010011
00000000000000000011000010110111
00000000000100001000000010010011
00000000000100010001010100100011
00000000101000010001011100000011
00000000000000000011001110110111
00000000000100111000001110010011
00001110011101110001111001100011
00000010110000000000000110010011
00000000000000000001000100010111
00000000000000010000000100010011
00000000000000000010000010110111
00100011001100001000000010010011
00000000000100010001000000100011
00000000000000010101011100000011
00000000000000000010001110110111
00100011001100111000001110010011
00001100011101110001101001100011
00000010110100000000000110010011
00000000000000000001000100010111
11111101100000010000000100010011
00000000000000000001000010110111
00100010001100001000000010010011
00000000000100010001000100100011
00000000001000010101011100000011
00000000000000000001001110110111
00100010001100111000001110010011
00001010011101110001011001100011
00000010111000000000000110010011
00000000000000000001000100010111
11111011000000010000000100010011
00000000000000000001000010110111
00010010001000001000000010010011
00000000000100010001001000100011
00000000010000010101011100000011
00000000000000000001001110110111
00010010001000111000001110010011
00001000011101110001001001100011
00000010111100000000000110010011
00000000000000000001000100010111
11111000100000010000000100010011
00010001001000000000000010010011
00000000000100010001001100100011
00000000011000010101011100000011
00010001001000000000001110010011
00000110011101110001001001100011
00000011000000000000000110010011
00000000000000000001000100010111
11110110100000010000000100010011
00000001000100000000000010010011
00000000000100010001010000100011
00000000100000010101011100000011
00000001000100000000001110010011
00000100011101110001001001100011
00000011000100000000000110010011
00000000000000000001000100010111
11110100100000010000000100010011
00000000000000000011000010110111
00000000000100001000000010010011
00000000000100010001010100100011
00000000101000010101011100000011
00000000000000000011001110110111
00000000000100111000001110010011
00000000011101110001111001100011
00001110111100000000010100010011
00000000000000000001010110010111
11110010000001011000010110010011
00000000101001011000000110100011
00000000001101011000011000000011
00000000001100000001101001100011
00000000001000000000001010010011
10000000000000000000001100110111
00000000010100110010000000100011
00000000000100000000000001110011
00000000000000000000000000010011
00000000000000000000000000010011
00000000000000000000000000010011
00000000000100000000001010010011
10000000000000000000001100110111
00000000010100110010000000100011
00000000000100000000000001110011
00000000000000000000000000010011
00000000000000000000000000010011
00000000000000000000000000010011
00000000000000000000000000010011
00000000000000000000000000010011
00000000000000000000000000010011
00000000000000000000000000010011
00000000000000000000000000010011
00000000000000000000000000010011
