00000000001100000000000110010011
00001111111100000001011010110111
11111111000001101000011010010011
00001111000001101111011100010011
00001111000000000000001110010011
00011000011101110001100001100011
00000000010000000000000110010011
00000000111111110000011010110111
00001111111101101000011010010011
01110000111101101111011100010011
00000000111100000000001110010011
00010110011101110001110001100011
00000000010100000000000110010011
11110000000011111111011010110111
00000000111101101000011010010011
00001111000001101111011100010011
00000000000000000000001110010011
00010110011101110001000001100011
00000000011000000000000110010011
11111111000000010000010110110111
11110000000001011000010110010011
00001111000001011111010110010011
00000000000000000000001110010011
00010100011101011001010001100011
00000000011100000000000110010011
00000000000000000000001000010011
00001111111100000001000010110111
11111111000000001000000010010011
01110000111100001111011100010011
00000000000001110000001100010011
00000000000100100000001000010011
00000000001000000000001010010011
11111110010100100001010011100011
01110000000000000000001110010011
00010000011100110001111001100011
00000000100000000000000110010011
00000000000000000000001000010011
00000000111111110000000010110111
00001111111100001000000010010011
00001111000000001111011100010011
00000000000000000000000000010011
00000000000001110000001100010011
00000000000100100000001000010011
00000000001000000000001010010011
11111110010100100001001011100011
00001111000000000000001110010011
00001110011100110001011001100011
00000000100100000000000110010011
00000000000000000000001000010011
11110000000011111111000010110111
00000000111100001000000010010011
11110000111100001111011100010011
00000000000000000000000000010011
00000000000000000000000000010011
00000000000001110000001100010011
00000000000100100000001000010011
00000000001000000000001010010011
11111110010100100001000011100011
11110000000011111111001110110111
00000000111100111000001110010011
00001010011100110001101001100011
00000000101000000000000110010011
00000000000000000000001000010011
00001111111100000001000010110111
11111111000000001000000010010011
01110000111100001111011100010011
00000000000100100000001000010011
00000000001000000000001010010011
11111110010100100001011011100011
01110000000000000000001110010011
00001000011101110001011001100011
00000000101100000000000110010011
00000000000000000000001000010011
00000000111111110000000010110111
00001111111100001000000010010011
00000000000000000000000000010011
00001111000000001111011100010011
00000000000100100000001000010011
00000000001000000000001010010011
11111110010100100001010011100011
00001111000000000000001110010011
00000110011101110001000001100011
00000000110000000000000110010011
00000000000000000000001000010011
11110000000011111111000010110111
00000000111100001000000010010011
00000000000000000000000000010011
00000000000000000000000000010011
01110000111100001111011100010011
00000000000100100000001000010011
00000000001000000000001010010011
11111110010100100001001011100011
00000000111100000000001110010011
00000010011101110001100001100011
00000000110100000000000110010011
00001111000000000111000010010011
00000000000000000000001110010011
00000010011100001001000001100011
00000000111000000000000110010011
00000000111111110000000010110111
00001111111100001000000010010011
01110000111100001111000000010011
00000000000000000000001110010011
00000000011100000001010001100011
00000000001100000001101001100011
00000000001000000000001010010011
10000000000000000000001100110111
00000000010100110010000000100011
00000000000100000000000001110011
00000000000000000000000000010011
00000000000000000000000000010011
00000000000000000000000000010011
00000000000100000000001010010011
10000000000000000000001100110111
00000000010100110010000000100011
00000000000100000000000001110011
00000000000000000000000000010011
00000000000000000000000000010011
00000000000000000000000000010011
00000000000000000000000000010011
00000000000000000000000000010011
00000000000000000000000000010011
00000000000000000000000000010011
00000000000000000000000000010011
00000000000000000000000000010011
