00000000001100000000000110010011
00000000000000000001000100010111
01011010100000010000000100010011
11111100110100000000000010010011
00000000000100010000000010100011
00000000000100010000011100000011
00000000111000010000000010100011
00000000000100010000000100000011
11111100110100000000001110010011
01011110011100010001111011100011
00000000000000000001000100010111
01011000010000010000000100010011
00000000001000010010010000100011
00000000100000010010001000000011
00000000000100100000000010100011
01011110001000100001001011100011
00000000000100100000011100000011
01011100011101110001111011100011
00000000010000000000000110010011
00000000000000000001000100010111
01010110000000010000000100010011
11111100110000000000000010010011
00000000000100010000000100100011
00000000001000010000011100000011
00000000111000010000000100100011
00000000001000010000000100000011
11111100110000000000001110010011
01011010011100010001101011100011
00000000000000000001000100010111
01010011110000010000000100010011
00000000001000010010010000100011
00000000100000010010001000000011
00000000000100100000000100100011
01011000001000100001111011100011
00000000001000100000011100000011
01011000011101110001101011100011
00000000010100000000000110010011
00000000000000000001000100010111
01010001100000010000000100010011
11111011110000000000000010010011
00000000000100010000000110100011
00000000001100010000011100000011
00000000111000010000000110100011
00000000001100010000000100000011
11111011110000000000001110010011
01010110011100010001011011100011
00000000000000000001000100010111
01001111010000010000000100010011
00000000001000010010010000100011
00000000100000010010001000000011
00000000000100100000000110100011
01010100001000100001101011100011
00000000001100100000011100000011
01010100011101110001011011100011
00000000011000000000000110010011
00000000000000000001000100010111
01001101000000010000000100010011
11111011101100000000000010010011
00000000000100010000001000100011
00000000010000010000011100000011
00000000111000010000001000100011
00000000010000010000000100000011
11111011101100000000001110010011
01010010011100010001001011100011
00000000000000000001000100010111
01001010110000010000000100010011
00000000001000010010010000100011
00000000100000010010001000000011
00000000000100100000001000100011
01010000001000100001011011100011
00000000010000100000011100000011
01010000011101110001001011100011
00000000011100000000000110010011
00000000000000000001000100010111
01001000100000010000000100010011
11111010101100000000000010010011
00000000000100010000001010100011
00000000010100010000011100000011
00000000111000010000001010100011
00000000010100010000000100000011
11111010101100000000001110010011
01001100011100010001111011100011
00000000000000000001000100010111
01000110010000010000000100010011
00000000001000010010010000100011
00000000100000010010001000000011
00000000000100100000001010100011
01001100001000100001001011100011
00000000010100100000011100000011
01001010011101110001111011100011
00000000100000000000000110010011
00000000000000000001000100010111
01000100000000010000000100010011
00000011001100000000000010010011
00000000000100010000000000100011
00000000000000010000011100000011
00000000111000010000000000100011
00000000000000010000000100000011
00000011001100000000001110010011
01001000011100010001101011100011
00000000000000000001000100010111
01000001110000010000000100010011
00000000001000010010010000100011
00000000100000010010001000000011
00000000000100100000000000100011
01000110001000100001111011100011
00000000000000100000011100000011
01000110011101110001101011100011
00000000100100000000000110010011
00000000000000000001000100010111
00111111100000010000000100010011
00000010001100000000000010010011
00000000000100010000000010100011
00000000000100010000011100000011
00000000111000010000000010100011
00000000000100010000000100000011
00000010001100000000001110010011
01000100011100010001011011100011
00000000000000000001000100010111
00111101010000010000000100010011
00000000001000010010010000100011
00000000100000010010001000000011
00000000000100100000000010100011
01000010001000100001101011100011
00000000000100100000011100000011
01000010011101110001011011100011
00000000101000000000000110010011
00000000000000000001000100010111
00111011000000010000000100010011
00000010001000000000000010010011
00000000000100010000000100100011
00000000001000010000011100000011
00000000111000010000000100100011
00000000001000010000000100000011
00000010001000000000001110010011
01000000011100010001001011100011
00000000000000000001000100010111
00111000110000010000000100010011
00000000001000010010010000100011
00000000100000010010001000000011
00000000000100100000000100100011
00111110001000100001011011100011
00000000001000100000011100000011
00111110011101110001001011100011
00000000101100000000000110010011
00000000000000000001000100010111
00110110100000010000000100010011
00000001001000000000000010010011
00000000000100010000000110100011
00000000001100010000011100000011
00000000111000010000000110100011
00000000001100010000000100000011
00000001001000000000001110010011
00111010011100010001111011100011
00000000000000000001000100010111
00110100010000010000000100010011
00000000001000010010010000100011
00000000100000010010001000000011
00000000000100100000000110100011
00111010001000100001001011100011
00000000001100100000011100000011
00111000011101110001111011100011
00000000110000000000000110010011
00000000000000000001000100010111
00110010000000010000000100010011
00000001000100000000000010010011
00000000000100010000001000100011
00000000010000010000011100000011
00000000111000010000001000100011
00000000010000010000000100000011
00000001000100000000001110010011
00110110011100010001101011100011
00000000000000000001000100010111
00101111110000010000000100010011
00000000001000010010010000100011
00000000100000010010001000000011
00000000000100100000001000100011
00110100001000100001111011100011
00000000010000100000011100000011
00110100011101110001101011100011
00000000110100000000000110010011
00000000000000000001000100010111
00101101100000010000000100010011
00000000000100000000000010010011
00000000000100010000001010100011
00000000010100010000011100000011
00000000111000010000001010100011
00000000010100010000000100000011
00000000000100000000001110010011
00110010011100010001011011100011
00000000000000000001000100010111
00101011010000010000000100010011
00000000001000010010010000100011
00000000100000010010001000000011
00000000000100100000001010100011
00110000001000100001101011100011
00000000010100100000011100000011
00110000011101110001011011100011
00000000111000000000000110010011
00000000000000000001000100010111
00101001000000010000000100010011
00000011001100000000000010010011
00000000000100010000000000100011
00000000000000010100011100000011
00000000111000010000000000100011
00000000000000010100000100000011
00000011001100000000001110010011
00101110011100010001001011100011
00000000000000000001000100010111
00100110110000010000000100010011
00000000001000010010010000100011
00000000100000010010001000000011
00000000000100100000000000100011
00101100001000100001011011100011
00000000000000100100011100000011
00101100011101110001001011100011
00000000111100000000000110010011
00000000000000000001000100010111
00100100100000010000000100010011
00000010001100000000000010010011
00000000000100010000000010100011
00000000000100010100011100000011
00000000111000010000000010100011
00000000000100010100000100000011
00000010001100000000001110010011
00101000011100010001111011100011
00000000000000000001000100010111
00100010010000010000000100010011
00000000001000010010010000100011
00000000100000010010001000000011
00000000000100100000000010100011
00101000001000100001001011100011
00000000000100100100011100000011
00100110011101110001111011100011
00000001000000000000000110010011
00000000000000000001000100010111
00100000000000010000000100010011
00000010001000000000000010010011
00000000000100010000000100100011
00000000001000010100011100000011
00000000111000010000000100100011
00000000001000010100000100000011
00000010001000000000001110010011
00100100011100010001101011100011
00000000000000000001000100010111
00011101110000010000000100010011
00000000001000010010010000100011
00000000100000010010001000000011
00000000000100100000000100100011
00100010001000100001111011100011
00000000001000100100011100000011
00100010011101110001101011100011
00000001000100000000000110010011
00000000000000000001000100010111
00011011100000010000000100010011
00000001001000000000000010010011
00000000000100010000000110100011
00000000001100010100011100000011
00000000111000010000000110100011
00000000001100010100000100000011
00000001001000000000001110010011
00100000011100010001011011100011
00000000000000000001000100010111
00011001010000010000000100010011
00000000001000010010010000100011
00000000100000010010001000000011
00000000000100100000000110100011
00011110001000100001101011100011
00000000001100100100011100000011
00011110011101110001011011100011
00000001001000000000000110010011
00000000000000000001000100010111
00010111000000010000000100010011
00000001000100000000000010010011
00000000000100010000001000100011
00000000010000010100011100000011
00000000111000010000001000100011
00000000010000010100000100000011
00000001000100000000001110010011
00011100011100010001001011100011
00000000000000000001000100010111
00010100110000010000000100010011
00000000001000010010010000100011
00000000100000010010001000000011
00000000000100100000001000100011
00011010001000100001011011100011
00000000010000100100011100000011
00011010011101110001001011100011
00000001001100000000000110010011
00000000000000000001000100010111
00010010100000010000000100010011
00000000000100000000000010010011
00000000000100010000001010100011
00000000010100010100011100000011
00000000111000010000001010100011
00000000010100010100000100000011
00000000000100000000001110010011
00010110011100010001111011100011
00000000000000000001000100010111
00010000010000010000000100010011
00000000001000010010010000100011
00000000100000010010001000000011
00000000000100100000001010100011
00010110001000100001001011100011
00000000010100100100011100000011
00010100011101110001111011100011
00000001010000000000000110010011
00000000000000000001000100010111
00001110000000010000000100010011
10101010101110111101000010110111
11001101110100001000000010010011
00000000000100010010000000100011
00000000000000010010011100000011
00000000111000010010000000100011
00000000000000010010000100000011
10101010101110111101001110110111
11001101110100111000001110010011
00010010011100010001011011100011
00000000000000000001000100010111
00001011010000010000000100010011
00000000001000010010010000100011
00000000100000010010001000000011
00000000000100100010000000100011
00010000001000100001101011100011
00000000000000100010011100000011
00010000011101110001011011100011
00000001010100000000000110010011
00000000000000000001000100010111
00001001000000010000000100010011
11011010101010111100000010110111
11001100110100001000000010010011
00000000000100010010001000100011
00000000010000010010011100000011
00000000111000010010001000100011
00000000010000010010000100000011
11011010101010111100001110110111
11001100110100111000001110010011
00001100011100010001111011100011
00000000000000000001000100010111
00000110010000010000000100010011
00000000001000010010010000100011
00000000100000010010001000000011
00000000000100100010001000100011
00001100001000100001001011100011
00000000010000100010011100000011
00001010011101110001111011100011
00000001011000000000000110010011
00000000000000000001000100010111
00000100000000010000000100010011
11011101101010101100000010110111
10111100110000001000000010010011
00000000000100010010010000100011
00000000100000010010011100000011
00000000111000010010010000100011
00000000100000010010000100000011
11011101101010101100001110110111
10111100110000111000001110010011
00001000011100010001011011100011
00000000000000000001000100010111
00000001010000010000000100010011
00000000001000010010010000100011
00000000100000010010001000000011
00000000000100100010010000100011
00000110001000100001101011100011
00000000100000100010011100000011
00000110011101110001011011100011
00000001011100000000000110010011
00000000000000000001000100010111
11111111000000010000000100010011
11001101110110101011000010110111
10111011110000001000000010010011
00000000000100010010011000100011
00000000110000010010011100000011
00000000111000010010011000100011
00000000110000010010000100000011
11001101110110101011001110110111
10111011110000111000001110010011
00000010011100010001111011100011
00000000000000000001000100010111
11111100010000010000000100010011
00000000001000010010010000100011
00000000100000010010001000000011
00000000000100100010011000100011
00000010001000100001001011100011
00000000110000100010011100000011
00000000011101110001111011100011
00000001100000000000000110010011
00000000000000000001000100010111
11111010000000010000000100010011
11001100110111011011000010110111
10101011101100001000000010010011
00000000000100010010100000100011
00000001000000010010011100000011
00000000111000010010100000100011
00000001000000010010000100000011
11001100110111011011001110110111
10101011101100111000001110010011
01111110011100010001011001100011
00000000000000000001000100010111
11110111010000010000000100010011
00000000001000010010010000100011
00000000100000010010001000000011
00000000000100100010100000100011
01111100001000100001101001100011
00000001000000100010011100000011
01111100011101110001011001100011
00000001100100000000000110010011
00000000000000000001000100010111
11110101000000010000000100010011
10111100110011011110000010110111
10101010101100001000000010010011
00000000000100010010101000100011
00000001010000010010011100000011
00000000111000010010101000100011
00000001010000010010000100000011
10111100110011011110001110110111
10101010101100111000001110010011
01111000011100010001111001100011
00000000000000000001000100010111
11110010010000010000000100010011
00000000001000010010010000100011
00000000100000010010001000000011
00000000000100100010101000100011
01111000001000100001001001100011
00000001010000100010011100000011
01110110011101110001111001100011
00000001101000000000000110010011
00000000000000000001000100010111
11110000000000010000000100010011
00000000000100010010000010110111
00100011001100001000000010010011
00000000000100010010000000100011
00000000000000010010011100000011
00000000111000010010000000100011
00000000000000010010000100000011
00000000000100010010001110110111
00100011001100111000001110010011
01110100011100010001011001100011
00000000000000000001000100010111
11101101010000010000000100010011
00000000001000010010010000100011
00000000100000010010001000000011
00000000000100100010000000100011
01110010001000100001101001100011
00000000000000100010011100000011
01110010011101110001011001100011
00000001101100000000000110010011
00000000000000000001000100010111
11101011000000010000000100010011
00110000000000010001000010110111
00100010001100001000000010010011
00000000000100010010001000100011
00000000010000010010011100000011
00000000111000010010001000100011
00000000010000010010000100000011
00110000000000010001001110110111
00100010001100111000001110010011
01101110011100010001111001100011
00000000000000000001000100010111
11101000010000010000000100010011
00000000001000010010010000100011
00000000100000010010001000000011
00000000000100100010001000100011
01101110001000100001001001100011
00000000010000100010011100000011
01101100011101110001111001100011
00000001110000000000000110010011
00000000000000000001000100010111
11100110000000010000000100010011
00110011000000000001000010110111
00010010001000001000000010010011
00000000000100010010010000100011
00000000100000010010011100000011
00000000111000010010010000100011
00000000100000010010000100000011
00110011000000000001001110110111
00010010001000111000001110010011
01101010011100010001011001100011
00000000000000000001000100010111
11100011010000010000000100010011
00000000001000010010010000100011
00000000100000010010001000000011
00000000000100100010010000100011
01101000001000100001101001100011
00000000100000100010011100000011
01101000011101110001011001100011
00000001110100000000000110010011
00000000000000000001000100010111
11100001000000010000000100010011
00100011001100000000000010110111
00010001001000001000000010010011
00000000000100010010011000100011
00000000110000010010011100000011
00000000111000010010011000100011
00000000110000010010000100000011
00100011001100000000001110110111
00010001001000111000001110010011
01100100011100010001111001100011
00000000000000000001000100010111
11011110010000010000000100010011
00000000001000010010010000100011
00000000100000010010001000000011
00000000000100100010011000100011
01100100001000100001001001100011
00000000110000100010011100000011
01100010011101110001111001100011
00000001111000000000000110010011
00000000000000000001000100010111
11011100000000010000000100010011
00100010001100110000000010110111
00000001000100001000000010010011
00000000000100010010100000100011
00000001000000010010011100000011
00000000111000010010100000100011
00000001000000010010000100000011
00100010001100110000001110110111
00000001000100111000001110010011
01100000011100010001011001100011
00000000000000000001000100010111
11011001010000010000000100010011
00000000001000010010010000100011
00000000100000010010001000000011
00000000000100100010100000100011
01011110001000100001101001100011
00000001000000100010011100000011
01011110011101110001011001100011
00000001111100000000000110010011
00000000000000000001000100010111
11010111000000010000000100010011
00010010001000110011000010110111
00000000000100001000000010010011
00000000000100010010101000100011
00000001010000010010011100000011
00000000111000010010101000100011
00000001010000010010000100000011
00010010001000110011001110110111
00000000000100111000001110010011
01011010011100010001111001100011
00000000000000000001000100010111
11010100010000010000000100010011
00000000001000010010010000100011
00000000100000010010001000000011
00000000000100100010101000100011
01011010001000100001001001100011
00000001010000100010011100000011
01011000011101110001111001100011
00000010000000000000000110010011
00000000000000000001000100010111
11010010000000010000000100010011
11111111111111111101000010110111
11001101110100001000000010010011
00000000000100010001000000100011
00000000000000010001011100000011
00000000111000010001000000100011
00000000000000010001000100000011
11111111111111111101001110110111
11001101110100111000001110010011
01010110011100010001011001100011
00000000000000000001000100010111
11001111010000010000000100010011
00000000001000010010010000100011
00000000100000010010001000000011
00000000000100100001000000100011
01010100001000100001101001100011
00000000000000100001011100000011
01010100011101110001011001100011
00000010000100000000000110010011
00000000000000000001000100010111
11001101000000010000000100010011
11111111111111111100000010110111
11001100110100001000000010010011
00000000000100010001000100100011
00000000001000010001011100000011
00000000111000010001000100100011
00000000001000010001000100000011
11111111111111111100001110110111
11001100110100111000001110010011
01010000011100010001111001100011
00000000000000000001000100010111
11001010010000010000000100010011
00000000001000010010010000100011
00000000100000010010001000000011
00000000000100100001000100100011
01010000001000100001001001100011
00000000001000100001011100000011
01001110011101110001111001100011
00000010001000000000000110010011
00000000000000000001000100010111
11001000000000010000000100010011
11111111111111111100000010110111
10111100110000001000000010010011
00000000000100010001001000100011
00000000010000010001011100000011
00000000111000010001001000100011
00000000010000010001000100000011
11111111111111111100001110110111
10111100110000111000001110010011
01001100011100010001011001100011
00000000000000000001000100010111
11000101010000010000000100010011
00000000001000010010010000100011
00000000100000010010001000000011
00000000000100100001001000100011
01001010001000100001101001100011
00000000010000100001011100000011
01001010011101110001011001100011
00000010001100000000000110010011
00000000000000000001000100010111
11000011000000010000000100010011
11111111111111111011000010110111
10111011110000001000000010010011
00000000000100010001001100100011
00000000011000010001011100000011
00000000111000010001001100100011
00000000011000010001000100000011
11111111111111111011001110110111
10111011110000111000001110010011
01000110011100010001111001100011
00000000000000000001000100010111
11000000010000010000000100010011
00000000001000010010010000100011
00000000100000010010001000000011
00000000000100100001001100100011
01000110001000100001001001100011
00000000011000100001011100000011
01000100011101110001111001100011
00000010010000000000000110010011
00000000000000000001000100010111
10111110000000010000000100010011
11111111111111111011000010110111
10101011101100001000000010010011
00000000000100010001010000100011
00000000100000010001011100000011
00000000111000010001010000100011
00000000100000010001000100000011
11111111111111111011001110110111
10101011101100111000001110010011
01000010011100010001011001100011
00000000000000000001000100010111
10111011010000010000000100010011
00000000001000010010010000100011
00000000100000010010001000000011
00000000000100100001010000100011
01000000001000100001101001100011
00000000100000100001011100000011
01000000011101110001011001100011
00000010010100000000000110010011
00000000000000000001000100010111
10111001000000010000000100010011
11111111111111111110000010110111
10101010101100001000000010010011
00000000000100010001010100100011
00000000101000010001011100000011
00000000111000010001010100100011
00000000101000010001000100000011
11111111111111111110001110110111
10101010101100111000001110010011
00111100011100010001111001100011
00000000000000000001000100010111
10110110010000010000000100010011
00000000001000010010010000100011
00000000100000010010001000000011
00000000000100100001010100100011
00111100001000100001001001100011
00000000101000100001011100000011
00111010011101110001111001100011
00000010011000000000000110010011
00000000000000000001000100010111
10110100000000010000000100010011
00000000000000000010000010110111
00100011001100001000000010010011
00000000000100010001000000100011
00000000000000010001011100000011
00000000111000010001000000100011
00000000000000010001000100000011
00000000000000000010001110110111
00100011001100111000001110010011
00111000011100010001011001100011
00000000000000000001000100010111
10110001010000010000000100010011
00000000001000010010010000100011
00000000100000010010001000000011
00000000000100100001000000100011
00110110001000100001101001100011
00000000000000100001011100000011
00110110011101110001011001100011
00000010011100000000000110010011
00000000000000000001000100010111
10101111000000010000000100010011
00000000000000000001000010110111
00100010001100001000000010010011
00000000000100010001000100100011
00000000001000010001011100000011
00000000111000010001000100100011
00000000001000010001000100000011
00000000000000000001001110110111
00100010001100111000001110010011
00110010011100010001111001100011
00000000000000000001000100010111
10101100010000010000000100010011
00000000001000010010010000100011
00000000100000010010001000000011
00000000000100100001000100100011
00110010001000100001001001100011
00000000001000100001011100000011
00110000011101110001111001100011
00000010100000000000000110010011
00000000000000000001000100010111
10101010000000010000000100010011
00000000000000000001000010110111
00010010001000001000000010010011
00000000000100010001001000100011
00000000010000010001011100000011
00000000111000010001001000100011
00000000010000010001000100000011
00000000000000000001001110110111
00010010001000111000001110010011
00101110011100010001011001100011
00000000000000000001000100010111
10100111010000010000000100010011
00000000001000010010010000100011
00000000100000010010001000000011
00000000000100100001001000100011
00101100001000100001101001100011
00000000010000100001011100000011
00101100011101110001011001100011
00000010100100000000000110010011
00000000000000000001000100010111
10100101000000010000000100010011
00010001001000000000000010010011
00000000000100010001001100100011
00000000011000010001011100000011
00000000111000010001001100100011
00000000011000010001000100000011
00010001001000000000001110010011
00101010011100010001001001100011
00000000000000000001000100010111
10100010110000010000000100010011
00000000001000010010010000100011
00000000100000010010001000000011
00000000000100100001001100100011
00101000001000100001011001100011
00000000011000100001011100000011
00101000011101110001001001100011
00000010101000000000000110010011
00000000000000000001000100010111
10100000100000010000000100010011
00000001000100000000000010010011
00000000000100010001010000100011
00000000100000010001011100000011
00000000111000010001010000100011
00000000100000010001000100000011
00000001000100000000001110010011
00100100011100010001111001100011
00000000000000000001000100010111
10011110010000010000000100010011
00000000001000010010010000100011
00000000100000010010001000000011
00000000000100100001010000100011
00100100001000100001001001100011
00000000100000100001011100000011
00100010011101110001111001100011
00000010101100000000000110010011
00000000000000000001000100010111
10011100000000010000000100010011
00000000000000000011000010110111
00000000000100001000000010010011
00000000000100010001010100100011
00000000101000010001011100000011
00000000111000010001010100100011
00000000101000010001000100000011
00000000000000000011001110110111
00000000000100111000001110010011
00100000011100010001011001100011
00000000000000000001000100010111
10011001010000010000000100010011
00000000001000010010010000100011
00000000100000010010001000000011
00000000000100100001010100100011
00011110001000100001101001100011
00000000101000100001011100000011
00011110011101110001011001100011
00000010110000000000000110010011
00000000000000000001000100010111
10010111000000010000000100010011
00000000000000000010000010110111
00100011001100001000000010010011
00000000000100010001000000100011
00000000000000010101011100000011
00000000111000010001000000100011
00000000000000010101000100000011
00000000000000000010001110110111
00100011001100111000001110010011
00011010011100010001111001100011
00000000000000000001000100010111
10010100010000010000000100010011
00000000001000010010010000100011
00000000100000010010001000000011
00000000000100100001000000100011
00011010001000100001001001100011
00000000000000100101011100000011
00011000011101110001111001100011
00000010110100000000000110010011
00000000000000000001000100010111
10010010000000010000000100010011
00000000000000000001000010110111
00100010001100001000000010010011
00000000000100010001000100100011
00000000001000010101011100000011
00000000111000010001000100100011
00000000001000010101000100000011
00000000000000000001001110110111
00100010001100111000001110010011
00010110011100010001011001100011
00000000000000000001000100010111
10001111010000010000000100010011
00000000001000010010010000100011
00000000100000010010001000000011
00000000000100100001000100100011
00010100001000100001101001100011
00000000001000100101011100000011
00010100011101110001011001100011
00000010111000000000000110010011
00000000000000000001000100010111
10001101000000010000000100010011
00000000000000000001000010110111
00010010001000001000000010010011
00000000000100010001001000100011
00000000010000010101011100000011
00000000111000010001001000100011
00000000010000010101000100000011
00000000000000000001001110110111
00010010001000111000001110010011
00010000011100010001111001100011
00000000000000000001000100010111
10001010010000010000000100010011
00000000001000010010010000100011
00000000100000010010001000000011
00000000000100100001001000100011
00010000001000100001001001100011
00000000010000100101011100000011
00001110011101110001111001100011
00000010111100000000000110010011
00000000000000000001000100010111
10001000000000010000000100010011
00010001001000000000000010010011
00000000000100010001001100100011
00000000011000010101011100000011
00000000111000010001001100100011
00000000011000010101000100000011
00010001001000000000001110010011
00001100011100010001101001100011
00000000000000000001000100010111
10000101110000010000000100010011
00000000001000010010010000100011
00000000100000010010001000000011
00000000000100100001001100100011
00001010001000100001111001100011
00000000011000100101011100000011
00001010011101110001101001100011
00000011000000000000000110010011
00000000000000000001000100010111
10000011100000010000000100010011
00000001000100000000000010010011
00000000000100010001010000100011
00000000100000010101011100000011
00000000111000010001010000100011
00000000100000010101000100000011
00000001000100000000001110010011
00001000011100010001011001100011
00000000000000000001000100010111
10000001010000010000000100010011
00000000001000010010010000100011
00000000100000010010001000000011
00000000000100100001010000100011
00000110001000100001101001100011
00000000100000100101011100000011
00000110011101110001011001100011
00000011000100000000000110010011
00000000000000000000000100010111
01111111000000010000000100010011
00000000000000000011000010110111
00000000000100001000000010010011
00000000000100010001010100100011
00000000101000010101011100000011
00000000111000010001010100100011
00000000101000010101000100000011
00000000000000000011001110110111
00000000000100111000001110010011
00000010011100010001111001100011
00000000000000000000000100010111
01111100010000010000000100010011
00000000001000010010010000100011
00000000100000010010001000000011
00000000000100100001010100100011
00000010001000100001001001100011
00000000101000100101011100000011
00000000011101110001111001100011
00001110111100000000010100010011
00000000000000000000010110010111
01111010000001011000010110010011
00000000101001011000000110100011
00000000001101011000011000000011
00000000001100000001101001100011
00000000001000000000001010010011
10000000000000000000001100110111
00000000010100110010000000100011
00000000000100000000000001110011
00000000000000000000000000010011
00000000000000000000000000010011
00000000000000000000000000010011
00000000000100000000001010010011
10000000000000000000001100110111
00000000010100110010000000100011
00000000000100000000000001110011
00000000000000000000000000010011
00000000000000000000000000010011
00000000000000000000000000010011
00000000000000000000000000010011
00000000000000000000000000010011
00000000000000000000000000010011
00000000000000000000000000010011
00000000000000000000000000010011
00000000000000000000000000010011
