00000000001000000000000110010011
00000000000000000010000100010111
11100111000000010000000100010011
00000000101010100000000010110111
00001010101000001000000010010011
00000000000000000000011110010111
00000001010001111000011110010011
00000000000100010010000000100011
00000000000000010010011100000011
00000000100000000000000001101111
00000000000000001000011100010011
00000000101010100000001110110111
00001010101000111000001110010011
01001100011101110001100001100011
00000000001100000000000110010011
00000000000000000010000100010111
11100011100000010000000100010011
10101010000000001011000010110111
10100000000000001000000010010011
00000000000000000000011110010111
00000001010001111000011110010011
00000000000100010010001000100011
00000000010000010010011100000011
00000000100000000000000001101111
00000000000000001000011100010011
10101010000000001011001110110111
10100000000000111000001110010011
01001000011101110001110001100011
00000000010000000000000110010011
00000000000000000010000100010111
11100000000000010000000100010011
00001010101000000001000010110111
10101010000000001000000010010011
00000000000000000000011110010111
00000001010001111000011110010011
00000000000100010010010000100011
00000000100000010010011100000011
00000000100000000000000001101111
00000000000000001000011100010011
00001010101000000001001110110111
10101010000000111000001110010011
01000110011101110001000001100011
00000000010100000000000110010011
00000000000000000010000100010111
11011100100000010000000100010011
10100000000010101010000010110111
00000000101000001000000010010011
00000000000000000000011110010111
00000001010001111000011110010011
00000000000100010010011000100011
00000000110000010010011100000011
00000000100000000000000001101111
00000000000000001000011100010011
10100000000010101010001110110111
00000000101000111000001110010011
01000010011101110001010001100011
00000000011000000000000110010011
00000000000000000010000100010111
11011010110000010000000100010011
00000000101010100000000010110111
00001010101000001000000010010011
00000000000000000000011110010111
00000001010001111000011110010011
11111110000100010010101000100011
11111111010000010010011100000011
00000000100000000000000001101111
00000000000000001000011100010011
00000000101010100000001110110111
00001010101000111000001110010011
00111110011101110001100001100011
00000000011100000000000110010011
00000000000000000010000100010111
11010111010000010000000100010011
10101010000000001011000010110111
10100000000000001000000010010011
00000000000000000000011110010111
00000001010001111000011110010011
11111110000100010010110000100011
11111111100000010010011100000011
00000000100000000000000001101111
00000000000000001000011100010011
10101010000000001011001110110111
10100000000000111000001110010011
00111010011101110001110001100011
00000000100000000000000110010011
00000000000000000010000100010111
11010011110000010000000100010011
00001010101000000001000010110111
10101010000000001000000010010011
00000000000000000000011110010111
00000001010001111000011110010011
11111110000100010010111000100011
11111111110000010010011100000011
00000000100000000000000001101111
00000000000000001000011100010011
00001010101000000001001110110111
10101010000000111000001110010011
00111000011101110001000001100011
00000000100100000000000110010011
00000000000000000010000100010111
11010000010000010000000100010011
10100000000010101010000010110111
00000000101000001000000010010011
00000000000000000000011110010111
00000001010001111000011110010011
00000000000100010010000000100011
00000000000000010010011100000011
00000000100000000000000001101111
00000000000000001000011100010011
10100000000010101010001110110111
00000000101000111000001110010011
00110100011101110001010001100011
00000000101000000000000110010011
00000000000000000010000010010111
11001101000000001000000010010011
00010010001101000101000100110111
01100111100000010000000100010011
11111110000000001000001000010011
00000010001000100010000000100011
00000000000000001010001010000011
00010010001101000101001110110111
01100111100000111000001110010011
00110000011100101001111001100011
00000000101100000000000110010011
00000000000000000010000010010111
11001010010000001000000010010011
01011000001000010011000100110111
00001001100000010000000100010011
11111111110100001000000010010011
00000000001000001010001110100011
00000000000000000010001000010111
11001001000000100000001000010011
00000000000000100010001010000011
01011000001000010011001110110111
00001001100000111000001110010011
00101110011100101001010001100011
00000000110000000000000110010011
00000000000000000000001000010011
10101010101110111101011010110111
11001101110101101000011010010011
00000000000000000010011000010111
11000100010001100000011000010011
00000000110101100010000000100011
00000000000001100010011100000011
10101010101110111101001110110111
11001101110100111000001110010011
00101010011101110001111001100011
00000000000100100000001000010011
00000000001000000000001010010011
11111100010100100001101011100011
00000000110100000000000110010011
00000000000000000000001000010011
11011010101010111100011010110111
11001100110101101000011010010011
00000000000000000010011000010111
11000000110001100000011000010011
00000000000000000000000000010011
00000000110101100010001000100011
00000000010001100010011100000011
11011010101010111100001110110111
11001100110100111000001110010011
00101000011101110001000001100011
00000000000100100000001000010011
00000000001000000000001010010011
11111100010100100001100011100011
00000000111000000000000110010011
00000000000000000000001000010011
11011101101010101100011010110111
10111100110001101000011010010011
00000000000000000010011000010111
10111101000001100000011000010011
00000000000000000000000000010011
00000000000000000000000000010011
00000000110101100010010000100011
00000000100001100010011100000011
11011101101010101100001110110111
10111100110000111000001110010011
00100100011101110001000001100011
00000000000100100000001000010011
00000000001000000000001010010011
11111100010100100001011011100011
00000000111100000000000110010011
00000000000000000000001000010011
11001101110110101011011010110111
10111011110001101000011010010011
00000000000000000000000000010011
00000000000000000010011000010111
10111000110001100000011000010011
00000000110101100010011000100011
00000000110001100010011100000011
11001101110110101011001110110111
10111011110000111000001110010011
00100000011101110001001001100011
00000000000100100000001000010011
00000000001000000000001010010011
11111100010100100001100011100011
00000001000000000000000110010011
00000000000000000000001000010011
11001100110111011011011010110111
10101011101101101000011010010011
00000000000000000000000000010011
00000000000000000010011000010111
10110101000001100000011000010011
00000000000000000000000000010011
00000000110101100010100000100011
00000001000001100010011100000011
11001100110111011011001110110111
10101011101100111000001110010011
00011100011101110001001001100011
00000000000100100000001000010011
00000000001000000000001010010011
11111100010100100001011011100011
00000001000100000000000110010011
00000000000000000000001000010011
10111100110011011110011010110111
10101010101101101000011010010011
00000000000000000000000000010011
00000000000000000000000000010011
00000000000000000010011000010111
10110000110001100000011000010011
00000000110101100010101000100011
00000001010001100010011100000011
10111100110011011110001110110111
10101010101100111000001110010011
00011000011101110001001001100011
00000000000100100000001000010011
00000000001000000000001010010011
11111100010100100001011011100011
00000001001000000000000110010011
00000000000000000000001000010011
00000000000000000010000100010111
10101101110000010000000100010011
00000000000100010010000010110111
00100011001100001000000010010011
00000000000100010010000000100011
00000000000000010010011100000011
00000000000100010010001110110111
00100011001100111000001110010011
00010100011101110001011001100011
00000000000100100000001000010011
00000000001000000000001010010011
11111100010100100001101011100011
00000001001100000000000110010011
00000000000000000000001000010011
00000000000000000010000100010111
10101010010000010000000100010011
00110000000000010001000010110111
00100010001100001000000010010011
00000000000000000000000000010011
00000000000100010010001000100011
00000000010000010010011100000011
00110000000000010001001110110111
00100010001100111000001110010011
00010000011101110001100001100011
00000000000100100000001000010011
00000000001000000000001010010011
11111100010100100001100011100011
00000001010000000000000110010011
00000000000000000000001000010011
00000000000000000010000100010111
10100110100000010000000100010011
00110011000000000001000010110111
00010010001000001000000010010011
00000000000000000000000000010011
00000000000000000000000000010011
00000000000100010010010000100011
00000000100000010010011100000011
00110011000000000001001110110111
00010010001000111000001110010011
00001100011101110001100001100011
00000000000100100000001000010011
00000000001000000000001010010011
11111100010100100001011011100011
00000001010100000000000110010011
00000000000000000000001000010011
00000000000000000010000100010111
10100010100000010000000100010011
00000000000000000000000000010011
00100011001100000000000010110111
00010001001000001000000010010011
00000000000100010010011000100011
00000000110000010010011100000011
00100011001100000000001110110111
00010001001000111000001110010011
00001000011101110001101001100011
00000000000100100000001000010011
00000000001000000000001010010011
11111100010100100001100011100011
00000001011000000000000110010011
00000000000000000000001000010011
00000000000000000010000100010111
10011110110000010000000100010011
00000000000000000000000000010011
00100010001100110000000010110111
00000001000100001000000010010011
00000000000000000000000000010011
00000000000100010010100000100011
00000001000000010010011100000011
00100010001100110000001110110111
00000001000100111000001110010011
00000100011101110001101001100011
00000000000100100000001000010011
00000000001000000000001010010011
11111100010100100001011011100011
00000001011100000000000110010011
00000000000000000000001000010011
00000000000000000010000100010111
10011010110000010000000100010011
00000000000000000000000000010011
00000000000000000000000000010011
00010010001000110011000010110111
00000000000100001000000010010011
00000000000100010010101000100011
00000001010000010010011100000011
00010010001000110011001110110111
00000000000100111000001110010011
00000000011101110001101001100011
00000000000100100000001000010011
00000000001000000000001010010011
11111100010100100001011011100011
00000010001100000001000001100011
00000000001000000000001010010011
10000000000000000000001100110111
00000000010100110010000000100011
00000000000100000000000001110011
00000000000000000000000000010011
00000000000000000000000000010011
00000000000000000000000000010011
00000000000100000000001010010011
10000000000000000000001100110111
00000000010100110010000000100011
00000000000100000000000001110011
00000000000000000000000000010011
00000000000000000000000000010011
00000000000000000000000000010011
00000000000000000000000000010011
00000000000000000000000000010011
00000000000000000000000000010011
00000000000000000000000000010011
00000000000000000000000000010011
00000000000000000000000000010011
