00000000001100000000000110010011
00000000000100000000000010010011
00000000000100000000000100010011
00000000001000001000011001100011
00101000001100000001100001100011
00000000001100000001011001100011
11111110001000001000111011100011
00101000001100000001001001100011
00000000010000000000000110010011
11111111111100000000000010010011
11111111111100000000000100010011
00000000001000001000011001100011
00100110001100000001100001100011
00000000001100000001011001100011
11111110001000001000111011100011
00100110001100000001001001100011
00000000010100000000000110010011
00000000000000000000000010010011
00000000000100000000000100010011
00000000001000001000010001100011
00000000001100000001010001100011
00100100001100000001011001100011
11111110001000001000111011100011
00000000011000000000000110010011
00000000000100000000000010010011
00000000000000000000000100010011
00000000001000001000010001100011
00000000001100000001010001100011
00100010001100000001100001100011
11111110001000001000111011100011
00000000011100000000000110010011
11111111111100000000000010010011
00000000000100000000000100010011
00000000001000001000010001100011
00000000001100000001010001100011
00100000001100000001101001100011
11111110001000001000111011100011
00000000100000000000000110010011
00000000000100000000000010010011
11111111111100000000000100010011
00000000001000001000010001100011
00000000001100000001010001100011
00011110001100000001110001100011
11111110001000001000111011100011
00000000100100000000000110010011
00000000000000000000001000010011
00000000000000000000000010010011
11111111111100000000000100010011
00011110001000001000000001100011
00000000000100100000001000010011
00000000001000000000001010010011
11111110010100100001011011100011
00000000101000000000000110010011
00000000000000000000001000010011
00000000000000000000000010010011
11111111111100000000000100010011
00000000000000000000000000010011
00011010001000001000111001100011
00000000000100100000001000010011
00000000001000000000001010010011
11111110010100100001010011100011
00000000101100000000000110010011
00000000000000000000001000010011
00000000000000000000000010010011
11111111111100000000000100010011
00000000000000000000000000010011
00000000000000000000000000010011
00011000001000001000101001100011
00000000000100100000001000010011
00000000001000000000001010010011
11111110010100100001001011100011
00000000110000000000000110010011
00000000000000000000001000010011
00000000000000000000000010010011
00000000000000000000000000010011
11111111111100000000000100010011
00010110001000001000100001100011
00000000000100100000001000010011
00000000001000000000001010010011
11111110010100100001010011100011
00000000110100000000000110010011
00000000000000000000001000010011
00000000000000000000000010010011
00000000000000000000000000010011
11111111111100000000000100010011
00000000000000000000000000010011
00010100001000001000010001100011
00000000000100100000001000010011
00000000001000000000001010010011
11111110010100100001001011100011
00000000111000000000000110010011
00000000000000000000001000010011
00000000000000000000000010010011
00000000000000000000000000010011
00000000000000000000000000010011
11111111111100000000000100010011
00010010001000001000000001100011
00000000000100100000001000010011
00000000001000000000001010010011
11111110010100100001001011100011
00000000111100000000000110010011
00000000000000000000001000010011
00000000000000000000000010010011
11111111111100000000000100010011
00010000001000001000000001100011
00000000000100100000001000010011
00000000001000000000001010010011
11111110010100100001011011100011
00000001000000000000000110010011
00000000000000000000001000010011
00000000000000000000000010010011
11111111111100000000000100010011
00000000000000000000000000010011
00001100001000001000111001100011
00000000000100100000001000010011
00000000001000000000001010010011
11111110010100100001010011100011
00000001000100000000000110010011
00000000000000000000001000010011
00000000000000000000000010010011
11111111111100000000000100010011
00000000000000000000000000010011
00000000000000000000000000010011
00001010001000001000101001100011
00000000000100100000001000010011
00000000001000000000001010010011
11111110010100100001001011100011
00000001001000000000000110010011
00000000000000000000001000010011
00000000000000000000000010010011
00000000000000000000000000010011
11111111111100000000000100010011
00001000001000001000100001100011
00000000000100100000001000010011
00000000001000000000001010010011
11111110010100100001010011100011
00000001001100000000000110010011
00000000000000000000001000010011
00000000000000000000000010010011
00000000000000000000000000010011
11111111111100000000000100010011
00000000000000000000000000010011
00000110001000001000010001100011
00000000000100100000001000010011
00000000001000000000001010010011
11111110010100100001001011100011
00000001010000000000000110010011
00000000000000000000001000010011
00000000000000000000000010010011
00000000000000000000000000010011
00000000000000000000000000010011
11111111111100000000000100010011
00000100001000001000000001100011
00000000000100100000001000010011
00000000001000000000001010010011
11111110010100100001001011100011
00000001010100000000000110010011
00000000000100000000000010010011
00000000000000000000101001100011
00000000000100001000000010010011
00000000000100001000000010010011
00000000000100001000000010010011
00000000000100001000000010010011
00000000000100001000000010010011
00000000000100001000000010010011
00000000001100000000001110010011
00000000011100001001010001100011
00000000001100000001101001100011
00000000001000000000001010010011
10000000000000000000001100110111
00000000010100110010000000100011
00000000000100000000000001110011
00000000000000000000000000010011
00000000000000000000000000010011
00000000000000000000000000010011
00000000000100000000001010010011
10000000000000000000001100110111
00000000010100110010000000100011
00000000000100000000000001110011
00000000000000000000000000010011
00000000000000000000000000010011
00000000000000000000000000010011
00000000000000000000000000010011
00000000000000000000000000010011
00000000000000000000000000010011
00000000000000000000000000010011
00000000000000000000000000010011
00000000000000000000000000010011
