00000000001000000000000110010011
00000000000000000000000010010011
00000001000000000000001001101111
00000000000000000000000000010011
00000000000000000000000000010011
00000100000000000000000001101111
00000000000000000000000100010111
11111111010000010000000100010011
00000010010000010001101001100011
00000000001100000000000110010011
00000000000100000000000010010011
00000001010000000000000001101111
00000000000100001000000010010011
00000000000100001000000010010011
00000000000100001000000010010011
00000000000100001000000010010011
00000000000100001000000010010011
00000000000100001000000010010011
00000000001100000000001110010011
00000000011100001001010001100011
00000010001100000001000001100011
00000000001000000000001010010011
10000000000000000000001100110111
00000000010100110010000000100011
00000000000100000000000001110011
00000000000000000000000000010011
00000000000000000000000000010011
00000000000000000000000000010011
00000000000100000000001010010011
10000000000000000000001100110111
00000000010100110010000000100011
00000000000100000000000001110011
00000000000000000000000000010011
00000000000000000000000000010011
00000000000000000000000000010011
00000000000000000000000000010011
00000000000000000000000000010011
00000000000000000000000000010011
00000000000000000000000000010011
00000000000000000000000000010011
00000000000000000000000000010011
