00000000001000000000000110010011
00000000000000000000000010110111
00000000000000000000001110010011
00000100011100001001101001100011
00000000001100000000000110010011
11111111111111111111000010110111
01000000000100001101000010010011
10000000000000000000001110010011
00000100011100001001000001100011
00000000010000000000000110010011
01111111111111111111000010110111
01000001010000001101000010010011
01111111111100000000001110010011
00000010011100001001011001100011
00000000010100000000000110010011
10000000000000000000000010110111
01000001010000001101000010010011
10000000000000000000001110010011
00000000011100001001110001100011
00000000011000000000000110010011
10000000000000000000000000110111
00000000000000000000001110010011
00000000011100000001010001100011
00000010001100000001000001100011
00000000001000000000001010010011
10000000000000000000001100110111
00000000010100110010000000100011
00000000000100000000000001110011
00000000000000000000000000010011
00000000000000000000000000010011
00000000000000000000000000010011
00000000000100000000001010010011
10000000000000000000001100110111
00000000010100110010000000100011
00000000000100000000000001110011
00000000000000000000000000010011
00000000000000000000000000010011
00000000000000000000000000010011
00000000000000000000000000010011
00000000000000000000000000010011
00000000000000000000000000010011
00000000000000000000000000010011
00000000000000000000000000010011
00000000000000000000000000010011
