00000000001000000000000110010011
00000000000000000000000000010011
00011011110000000000001110010011
00000110011101101001101001100011
00000110010000000000011100010011
11111111111101110000011100010011
11111110000001110001111011100011
00000000000000000000001010010111
01011000101000101001100000100011
00000000000000000000001010010111
01011000101100101001010100100011
00000000000000000001000000001111
00000000000000000000000000010011
00000000000000000000000000010011
00000000000000000000000000010011
00000000000000000000000000010011
00000000000000000000000000010011
00000000000000000000000000010011
00000000000000000000000000010011
00000000000000000000000000010011
00000000000000000000000000010011
00000000000000000000000000010011
00000000000000000000000000010011
00000000000000000000000000010011
00000000000000000000011110010111
01010100110001111000011110010011
00000000000001111000001101100111
00000000001100000000000110010011
00000000000000000000000000010011
00110000100100000000001110010011
00000000011101101001010001100011
00000000001100000001101001100011
00000000001000000000001010010011
10000000000000000000001100110111
00000000010100110010000000100011
00000000000100000000000001110011
00000000000000000000000000010011
00000000000000000000000000010011
00000000000000000000000000010011
00000000000100000000001010010011
10000000000000000000001100110111
00000000010100110010000000100011
00000000000100000000000001110011
00000000000000000000000000010011
00000000000000000000000000010011
00000000000000000000000000010011
00000000000000000000000000010011
00000000000000000000000000010011
00000000000000000000000000010011
00000000000000000000000000010011
00000000000000000000000000010011
00000000000000000000000000010011
