00000000001100000000000110010011
00000000000000000001000100010111
01011100000000010000000100010011
00000000000000000000000010010011
00000000000000000000011110010111
00000001010001111000011110010011
00000000000100010000000010100011
00000000000100010000011100000011
00000000100000000000000001101111
00000000000000001000011100010011
00000000000000000000001110010011
01000000011101110001110001100011
00000000010000000000000110010011
00000000000000000001000100010111
01011001000000010000000100010011
11111111111111111111000010110111
11111010000000001000000010010011
00000000000000000000011110010111
00000001010001111000011110010011
00000000000100010000000100100011
00000000001000010001011100000011
00000000100000000000000001101111
00000000000000001000011100010011
11111111111111111111001110110111
11111010000000111000001110010011
00111110011101110001000001100011
00000000010100000000000110010011
00000000000000000001000100010111
01010101100000010000000100010011
00000000101000000000000010010011
00000000000000000000011110010111
00000001010001111000011110010011
00000000000100010000000110100011
00000000001100010000011100000011
00000000100000000000000001101111
00000000000000001000011100010011
00000000101000000000001110010011
00111010011101110001100001100011
00000000011000000000000110010011
00000000000000000001000100010111
01010010111100010000000100010011
11111010101000000000000010010011
00000000000000000000011110010111
00000001010001111000011110010011
11111110000100010000111010100011
11111111110100010000011100000011
00000000100000000000000001101111
00000000000000001000011100010011
11111010101000000000001110010011
00111000011101110001000001100011
00000000011100000000000110010011
00000000000000000001000100010111
01001111111100010000000100010011
00000000000000000000000010010011
00000000000000000000011110010111
00000001010001111000011110010011
11111110000100010000111100100011
11111111111000010000011100000011
00000000100000000000000001101111
00000000000000001000011100010011
00000000000000000000001110010011
00110100011101110001100001100011
00000000100000000000000110010011
00000000000000000001000100010111
01001100111100010000000100010011
11111010000000000000000010010011
00000000000000000000011110010111
00000001010001111000011110010011
11111110000100010000111110100011
11111111111100010000011100000011
00000000100000000000000001101111
00000000000000001000011100010011
11111010000000000000001110010011
00110010011101110001000001100011
00000000100100000000000110010011
00000000000000000001000100010111
01001001111100010000000100010011
00000000101000000000000010010011
00000000000000000000011110010111
00000001010001111000011110010011
00000000000100010000000000100011
00000000000000010000011100000011
00000000100000000000000001101111
00000000000000001000011100010011
00000000101000000000001110010011
00101110011101110001100001100011
00000000101000000000000110010011
00000000000000000001000010010111
01000111000000001000000010010011
00010010001101000101000100110111
01100111100000010000000100010011
11111110000000001000001000010011
00000010001000100000000000100011
00000000000000001000001010000011
00000111100000000000001110010011
00101100011100101001010001100011
00000000101100000000000110010011
00000000000000000001000010010111
01000100100000001000000010010011
00000000000000000011000100110111
00001001100000010000000100010011
11111111101000001000000010010011
00000000001000001000001110100011
00000000000000000001001000010111
01000011000100100000001000010011
00000000000000100000001010000011
11111001100000000000001110010011
00101000011100101001110001100011
00000000110000000000000110010011
00000000000000000000001000010011
11111101110100000000011010010011
00000000000000000001011000010111
01000000100001100000011000010011
00000000110101100000000000100011
00000000000001100000011100000011
11111101110100000000001110010011
00100110011101110001101001100011
00000000000100100000001000010011
00000000001000000000001010010011
11111100010100100001111011100011
00000000110100000000000110010011
00000000000000000000001000010011
11111100110100000000011010010011
00000000000000000001011000010111
00111101100001100000011000010011
00000000000000000000000000010011
00000000110101100000000010100011
00000000000101100000011100000011
11111100110100000000001110010011
00100100011101110001000001100011
00000000000100100000001000010011
00000000001000000000001010010011
11111100010100100001110011100011
00000000111000000000000110010011
00000000000000000000001000010011
11111100110000000000011010010011
00000000000000000001011000010111
00111010010001100000011000010011
00000000000000000000000000010011
00000000000000000000000000010011
00000000110101100000000100100011
00000000001001100000011100000011
11111100110000000000001110010011
00100000011101110001010001100011
00000000000100100000001000010011
00000000001000000000001010010011
11111100010100100001101011100011
00000000111100000000000110010011
00000000000000000000001000010011
11111011110000000000011010010011
00000000000000000000000000010011
00000000000000000001011000010111
00110110100001100000011000010011
00000000110101100000000110100011
00000000001101100000011100000011
11111011110000000000001110010011
00011100011101110001101001100011
00000000000100100000001000010011
00000000001000000000001010010011
11111100010100100001110011100011
00000001000000000000000110010011
00000000000000000000001000010011
11111011101100000000011010010011
00000000000000000000000000010011
00000000000000000001011000010111
00110011010001100000011000010011
00000000000000000000000000010011
00000000110101100000001000100011
00000000010001100000011100000011
11111011101100000000001110010011
00011000011101110001111001100011
00000000000100100000001000010011
00000000001000000000001010010011
11111100010100100001101011100011
00000001000100000000000110010011
00000000000000000000001000010011
11111010101100000000011010010011
00000000000000000000000000010011
00000000000000000000000000010011
00000000000000000001011000010111
00101111100001100000011000010011
00000000110101100000001010100011
00000000010101100000011100000011
11111010101100000000001110010011
00010110011101110001001001100011
00000000000100100000001000010011
00000000001000000000001010010011
11111100010100100001101011100011
00000001001000000000000110010011
00000000000000000000001000010011
00000000000000000001000100010111
00101100110000010000000100010011
00000011001100000000000010010011
00000000000100010000000000100011
00000000000000010000011100000011
00000011001100000000001110010011
00010010011101110001101001100011
00000000000100100000001000010011
00000000001000000000001010010011
11111100010100100001111011100011
00000001001100000000000110010011
00000000000000000000001000010011
00000000000000000001000100010111
00101001110000010000000100010011
00000010001100000000000010010011
00000000000000000000000000010011
00000000000100010000000010100011
00000000000100010000011100000011
00000010001100000000001110010011
00010000011101110001000001100011
00000000000100100000001000010011
00000000001000000000001010010011
11111100010100100001110011100011
00000001010000000000000110010011
00000000000000000000001000010011
00000000000000000001000100010111
00100110100000010000000100010011
00000010001000000000000010010011
00000000000000000000000000010011
00000000000000000000000000010011
00000000000100010000000100100011
00000000001000010000011100000011
00000010001000000000001110010011
00001100011101110001010001100011
00000000000100100000001000010011
00000000001000000000001010010011
11111100010100100001101011100011
00000001010100000000000110010011
00000000000000000000001000010011
00000000000000000001000100010111
00100011000000010000000100010011
00000000000000000000000000010011
00000001001000000000000010010011
00000000000100010000000110100011
00000000001100010000011100000011
00000001001000000000001110010011
00001000011101110001101001100011
00000000000100100000001000010011
00000000001000000000001010010011
11111100010100100001110011100011
00000001011000000000000110010011
00000000000000000000001000010011
00000000000000000001000100010111
00011111110000010000000100010011
00000000000000000000000000010011
00000001000100000000000010010011
00000000000000000000000000010011
00000000000100010000001000100011
00000000010000010000011100000011
00000001000100000000001110010011
00000100011101110001111001100011
00000000000100100000001000010011
00000000001000000000001010010011
11111100010100100001101011100011
00000001011100000000000110010011
00000000000000000000001000010011
00000000000000000001000100010111
00011100010000010000000100010011
00000000000000000000000000010011
00000000000000000000000000010011
00000000000100000000000010010011
00000000000100010000001010100011
00000000010100010000011100000011
00000000000100000000001110010011
00000010011101110001001001100011
00000000000100100000001000010011
00000000001000000000001010010011
11111100010100100001101011100011
00001110111100000000010100010011
00000000000000000001010110010111
00011001000001011000010110010011
00000000101001011000000110100011
00000000001100000001101001100011
00000000001000000000001010010011
10000000000000000000001100110111
00000000010100110010000000100011
00000000000100000000000001110011
00000000000000000000000000010011
00000000000000000000000000010011
00000000000000000000000000010011
00000000000100000000001010010011
10000000000000000000001100110111
00000000010100110010000000100011
00000000000100000000000001110011
00000000000000000000000000010011
00000000000000000000000000010011
00000000000000000000000000010011
00000000000000000000000000010011
00000000000000000000000000010011
00000000000000000000000000010011
00000000000000000000000000010011
00000000000000000000000000010011
00000000000000000000000000010011
