00000000001000000000000110010011
00001111111100000000011110010011
00000000000000000010000100010111
11100110110000010000000100010011
00000000000000010100011100000011
00001111111100000000001110010011
00100100011101110001101001100011
00000000001100000000000110010011
00000000000000000000011110010011
00000000000000000010000100010111
11100101000000010000000100010011
00000000000100010100011100000011
00000000000000000000001110010011
00100010011101110001110001100011
00000000010000000000000110010011
00001111000000000000011110010011
00000000000000000010000100010111
11100011010000010000000100010011
00000000001000010100011100000011
00001111000000000000001110010011
00100000011101110001111001100011
00000000010100000000000110010011
00000000111100000000011110010011
00000000000000000010000100010111
11100001100000010000000100010011
00000000001100010100011100000011
00000000111100000000001110010011
00100000011101110001000001100011
00000000011000000000000110010011
00001111111100000000011110010011
00000000000000000010000100010111
11011111111100010000000100010011
11111111110100010100011100000011
00001111111100000000001110010011
00011110011101110001001001100011
00000000011100000000000110010011
00000000000000000000011110010011
00000000000000000010000100010111
11011110001100010000000100010011
11111111111000010100011100000011
00000000000000000000001110010011
00011100011101110001010001100011
00000000100000000000000110010011
00001111000000000000011110010011
00000000000000000010000100010111
11011100011100010000000100010011
11111111111100010100011100000011
00001111000000000000001110010011
00011010011101110001011001100011
00000000100100000000000110010011
00000000111100000000011110010011
00000000000000000010000100010111
11011010101100010000000100010011
00000000000000010100011100000011
00000000111100000000001110010011
00011000011101110001100001100011
00000000101000000000000110010011
00000000000000000010000010010111
11011001000000001000000010010011
11111110000000001000000010010011
00000010000000001100001010000011
00001111111100000000001110010011
00010110011100101001101001100011
00000000101100000000000110010011
00000000000000000010000010010111
11010111010000001000000010010011
11111111101000001000000010010011
00000000011100001100001010000011
00000000000000000000001110010011
00010100011100101001110001100011
00000000110000000000000110010011
00000000000000000000001000010011
00000000000000000010011010010111
11010101010101101000011010010011
00000000000101101100011100000011
00000000000001110000001100010011
00001111000000000000001110010011
00010010011100110001110001100011
00000000000100100000001000010011
00000000001000000000001010010011
11111110010100100001000011100011
00000000110100000000000110010011
00000000000000000000001000010011
00000000000000000010011010010111
11010010101001101000011010010011
00000000000101101100011100000011
00000000000000000000000000010011
00000000000001110000001100010011
00000000111100000000001110010011
00010000011100110001010001100011
00000000000100100000001000010011
00000000001000000000001010010011
11111100010100100001111011100011
00000000111000000000000110010011
00000000000000000000001000010011
00000000000000000010011010010111
11001111100001101000011010010011
00000000000101101100011100000011
00000000000000000000000000010011
00000000000000000000000000010011
00000000000001110000001100010011
00000000000000000000001110010011
00001100011100110001101001100011
00000000000100100000001000010011
00000000001000000000001010010011
11111100010100100001110011100011
00000000111100000000000110010011
00000000000000000000001000010011
00000000000000000010011010010111
11001100010101101000011010010011
00000000000101101100011100000011
00001111000000000000001110010011
00001010011101110001011001100011
00000000000100100000001000010011
00000000001000000000001010010011
11111110010100100001001011100011
00000001000000000000000110010011
00000000000000000000001000010011
00000000000000000010011010010111
11001001111001101000011010010011
00000000000000000000000000010011
00000000000101101100011100000011
00000000111100000000001110010011
00001000011101110001000001100011
00000000000100100000001000010011
00000000001000000000001010010011
11111110010100100001000011100011
00000001000100000000000110010011
00000000000000000000001000010011
00000000000000000010011010010111
11000111000001101000011010010011
00000000000000000000000000010011
00000000000000000000000000010011
00000000000101101100011100000011
00000000000000000000001110010011
00000100011101110001100001100011
00000000000100100000001000010011
00000000001000000000001010010011
11111100010100100001111011100011
00000001001000000000000110010011
00000000000000000010001010010111
11000100010000101000001010010011
00000000000000101100000100000011
00000000001000000000000100010011
00000000001000000000001110010011
00000010011100010001010001100011
00000001001100000000000110010011
00000000000000000010001010010111
11000010100000101000001010010011
00000000000000101100000100000011
00000000000000000000000000010011
00000000001000000000000100010011
00000000001000000000001110010011
00000000011100010001010001100011
00000010001100000001000001100011
00000000001000000000001010010011
10000000000000000000001100110111
00000000010100110010000000100011
00000000000100000000000001110011
00000000000000000000000000010011
00000000000000000000000000010011
00000000000000000000000000010011
00000000000100000000001010010011
10000000000000000000001100110111
00000000010100110010000000100011
00000000000100000000000001110011
00000000000000000000000000010011
00000000000000000000000000010011
00000000000000000000000000010011
00000000000000000000000000010011
00000000000000000000000000010011
00000000000000000000000000010011
00000000000000000000000000010011
00000000000000000000000000010011
00000000000000000000000000010011
