00000000001000000000000110010011
00001111111100000000011110010011
00000000000000000010000100010111
11100110110000010000000100010011
00000000000000010101011100000011
00001111111100000000001110010011
00101010011101110001000001100011
00000000001100000000000110010011
00000000000000010000011110110111
11110000000001111000011110010011
00000000000000000010000100010111
11100100110000010000000100010011
00000000001000010101011100000011
00000000000000010000001110110111
11110000000000111000001110010011
00100110011101110001111001100011
00000000010000000000000110010011
00000000000000000001011110110111
11111111000001111000011110010011
00000000000000000010000100010111
11100010100000010000000100010011
00000000010000010101011100000011
00000000000000000001001110110111
11111111000000111000001110010011
00100100011101110001110001100011
00000000010100000000000110010011
00000000000000001111011110110111
00000000111101111000011110010011
00000000000000000010000100010111
11100000010000010000000100010011
00000000011000010101011100000011
00000000000000001111001110110111
00000000111100111000001110010011
00100010011101110001101001100011
00000000011000000000000110010011
00001111111100000000011110010011
00000000000000000010000100010111
11011110101000010000000100010011
11111111101000010101011100000011
00001111111100000000001110010011
00100000011101110001110001100011
00000000011100000000000110010011
00000000000000010000011110110111
11110000000001111000011110010011
00000000000000000010000100010111
11011100101000010000000100010011
11111111110000010101011100000011
00000000000000010000001110110111
11110000000000111000001110010011
00011110011101110001101001100011
00000000100000000000000110010011
00000000000000000001011110110111
11111111000001111000011110010011
00000000000000000010000100010111
11011010011000010000000100010011
11111111111000010101011100000011
00000000000000000001001110110111
11111111000000111000001110010011
00011100011101110001100001100011
00000000100100000000000110010011
00000000000000001111011110110111
00000000111101111000011110010011
00000000000000000010000100010111
11011000001000010000000100010011
00000000000000010101011100000011
00000000000000001111001110110111
00000000111100111000001110010011
00011010011101110001011001100011
00000000101000000000000110010011
00000000000000000010000010010111
11010110000000001000000010010011
11111110000000001000000010010011
00000010000000001101001010000011
00001111111100000000001110010011
00011000011100101001100001100011
00000000101100000000000110010011
00000000000000000010000010010111
11010100010000001000000010010011
11111111101100001000000010010011
00000000011100001101001010000011
00000000000000010000001110110111
11110000000000111000001110010011
00010110011100101001100001100011
00000000110000000000000110010011
00000000000000000000001000010011
00000000000000000010011010010111
11010010001001101000011010010011
00000000001001101101011100000011
00000000000001110000001100010011
00000000000000000001001110110111
11111111000000111000001110010011
00010100011100110001011001100011
00000000000100100000001000010011
00000000001000000000001010010011
11111100010100100001111011100011
00000000110100000000000110010011
00000000000000000000001000010011
00000000000000000010011010010111
11001111010001101000011010010011
00000000001001101101011100000011
00000000000000000000000000010011
00000000000001110000001100010011
00000000000000001111001110110111
00000000111100111000001110010011
00010000011100110001110001100011
00000000000100100000001000010011
00000000001000000000001010010011
11111100010100100001110011100011
00000000111000000000000110010011
00000000000000000000001000010011
00000000000000000010011010010111
11001011110001101000011010010011
00000000001001101101011100000011
00000000000000000000000000010011
00000000000000000000000000010011
00000000000001110000001100010011
00000000000000010000001110110111
11110000000000111000001110010011
00001110011100110001000001100011
00000000000100100000001000010011
00000000001000000000001010010011
11111100010100100001101011100011
00000000111100000000000110010011
00000000000000000000001000010011
00000000000000000010011010010111
11001000011001101000011010010011
00000000001001101101011100000011
00000000000000000001001110110111
11111111000000111000001110010011
00001010011101110001101001100011
00000000000100100000001000010011
00000000001000000000001010010011
11111110010100100001000011100011
00000001000000000000000110010011
00000000000000000000001000010011
00000000000000000010011010010111
11000101110001101000011010010011
00000000000000000000000000010011
00000000001001101101011100000011
00000000000000001111001110110111
00000000111100111000001110010011
00001000011101110001001001100011
00000000000100100000001000010011
00000000001000000000001010010011
11111100010100100001111011100011
00000001000100000000000110010011
00000000000000000000001000010011
00000000000000000010011010010111
11000010100001101000011010010011
00000000000000000000000000010011
00000000000000000000000000010011
00000000001001101101011100000011
00000000000000010000001110110111
11110000000000111000001110010011
00000100011101110001100001100011
00000000000100100000001000010011
00000000001000000000001010010011
11111100010100100001110011100011
00000001001000000000000110010011
00000000000000000010001010010111
10111111100000101000001010010011
00000000000000101101000100000011
00000000001000000000000100010011
00000000001000000000001110010011
00000010011100010001010001100011
00000001001100000000000110010011
00000000000000000010001010010111
10111101110000101000001010010011
00000000000000101101000100000011
00000000000000000000000000010011
00000000001000000000000100010011
00000000001000000000001110010011
00000000011100010001010001100011
00000010001100000001000001100011
00000000001000000000001010010011
10000000000000000000001100110111
00000000010100110010000000100011
00000000000100000000000001110011
00000000000000000000000000010011
00000000000000000000000000010011
00000000000000000000000000010011
00000000000100000000001010010011
10000000000000000000001100110111
00000000010100110010000000100011
00000000000100000000000001110011
00000000000000000000000000010011
00000000000000000000000000010011
00000000000000000000000000010011
00000000000000000000000000010011
00000000000000000000000000010011
00000000000000000000000000010011
00000000000000000000000000010011
00000000000000000000000000010011
00000000000000000000000000010011
